0.000000000000000000e+00 2.634998420000000063e+00
1.978869999999999862e+01 9.330640141000001719e-01
3.957730000000000103e+01 7.037995080000000181e-01
5.936599999999999966e+01 7.318290241999999557e-01
7.915460000000000207e+01 8.722481923600000631e-01
9.894329999999999359e+01 1.333727170439999554e+00
1.187319999999999993e+02 2.329357572799999776e+00
1.385209999999999866e+02 3.740233114599998743e+00
1.583089999999999975e+02 5.053612032599999360e+00
1.780980000000000132e+02 5.856870422200000093e+00
1.978870000000000005e+02 6.179471116400000241e+00
2.176750000000000114e+02 6.264504129999999726e+00
2.374639999999999986e+02 6.279205013600000385e+00
2.572529999999999859e+02 6.280862856899999791e+00
2.770409999999999968e+02 6.280839913100000338e+00
2.968299999999999841e+02 6.278919399000000290e+00
3.166190000000000282e+02 6.262314987499999930e+00
3.364069999999999823e+02 6.168498060700000174e+00
3.561960000000000264e+02 5.820615857599999110e+00
3.759839999999999804e+02 4.973552257200000604e+00
3.957730000000000246e+02 3.618152640699998646e+00
4.155620000000000118e+02 2.192692853600000102e+00
4.353500000000000227e+02 1.207337119999999153e+00
4.551390000000000100e+02 7.596827795999999688e-01
4.749279999999999973e+02 6.261145891999999602e-01
4.947160000000000082e+02 5.999586140000000567e-01
5.145049999999999955e+02 5.966138890000000083e-01
5.342939999999999827e+02 5.966001821999999954e-01
5.540819999999999936e+02 5.998099313999999405e-01
5.738709999999999809e+02 6.250795965000000010e-01
5.936599999999999682e+02 7.545177499999992099e-01
6.134479999999999791e+02 1.188327428799999641e+00
6.332369999999999663e+02 2.140534878799996932e+00
6.530259999999999536e+02 3.509890474799996163e+00
6.728139999999999645e+02 4.800380563600000983e+00
6.926029999999999518e+02 5.597455124299997919e+00
7.123920000000000528e+02 5.919955311200000736e+00
7.321799999999999500e+02 6.005385532000000026e+00
7.519690000000000509e+02 6.020192247299999799e+00
7.717580000000000382e+02 6.021859656000000172e+00
7.915460000000000491e+02 6.021795891800000078e+00
8.113350000000000364e+02 6.019444309499999868e+00
8.311240000000000236e+02 6.000059343200000228e+00
8.509120000000000346e+02 5.895559109999999770e+00
8.707010000000000218e+02 5.525813471100001095e+00
8.904900000000000091e+02 4.666633638999999611e+00
9.102780000000000200e+02 3.354807162999996706e+00
9.300670000000000073e+02 2.038131444200000253e+00
9.498559999999999945e+02 1.169526507599999210e+00
9.696440000000000055e+02 7.930015596000002942e-01
9.894329999999999927e+02 6.857931711999999402e-01
1.009220000000000027e+03 6.657631619999999639e-01
1.029009999999999991e+03 6.633302070000000050e-01
1.048799999999999955e+03 6.635086799999999618e-01
1.068589999999999918e+03 6.677414539999999565e-01
1.088380000000000109e+03 6.991067360000000619e-01
1.108160000000000082e+03 8.507714540000013148e-01
1.127950000000000045e+03 1.331987395000000074e+00
1.147740000000000009e+03 2.333020729999999876e+00
1.167529999999999973e+03 3.699221351999999907e+00
1.187319999999999936e+03 4.922793019999997632e+00
1.207109999999999900e+03 5.641845140000000036e+00
1.226900000000000091e+03 5.919019210000000086e+00
1.246690000000000055e+03 5.989056903999999903e+00
1.266470000000000027e+03 6.000605943000000053e+00
1.286259999999999991e+03 6.001171205999999536e+00
1.306049999999999955e+03 5.993866559999999843e+00
1.325839999999999918e+03 5.942661206000000362e+00
1.345630000000000109e+03 5.712530152999996780e+00
1.365420000000000073e+03 5.040894384000000450e+00
1.385210000000000036e+03 3.766995941000000236e+00
1.404990000000000009e+03 2.196764970999999900e+00
1.424779999999999973e+03 9.366396399999999955e-01
1.444569999999999936e+03 2.794554650000000140e-01
1.464359999999999900e+03 5.671630800000070083e-02
1.484150000000000091e+03 8.084140000000000076e-03
1.503940000000000055e+03 8.084140000000000076e-03
1.523730000000000018e+03 8.084140000000000076e-03
1.543519999999999982e+03 8.084140000000000076e-03
1.563299999999999955e+03 8.084140000000000076e-03
1.583089999999999918e+03 8.084140000000000076e-03
1.602880000000000109e+03 8.084140000000000076e-03
1.622670000000000073e+03 8.084140000000000076e-03
1.642460000000000036e+03 8.084140000000000076e-03
1.662250000000000000e+03 8.084140000000000076e-03
1.682039999999999964e+03 8.084140000000000076e-03
1.701819999999999936e+03 8.084140000000000076e-03
1.721609999999999900e+03 8.084140000000000076e-03
1.741400000000000091e+03 8.084140000000000076e-03
1.761190000000000055e+03 8.084140000000000076e-03
1.780980000000000018e+03 8.084140000000000076e-03
1.800769999999999982e+03 8.084140000000000076e-03
1.820559999999999945e+03 8.084140000000000076e-03
1.840349999999999909e+03 8.084140000000000076e-03
1.860130000000000109e+03 8.084140000000000076e-03
1.879920000000000073e+03 8.084140000000000076e-03
