-1.978863157894737057e+01 2.069999999999999840e+00
0.000000000000000000e+00 2.634980169999999955e+00
1.978863157894737057e+01 9.326259990315788340e-01
3.957726315789473404e+01 6.998437400000000475e-01
5.936589473684210816e+01 6.998437400000000475e-01
7.915452631578948228e+01 6.998437400000000475e-01
9.894315789473684220e+01 6.998437400000000475e-01
1.187317894736842305e+02 6.998437400000000475e-01
1.385204210526316047e+02 6.998437499999999867e-01
1.583090526315789646e+02 6.998444309052631596e-01
1.780976842105263529e+02 6.998627532842105481e-01
1.978863157894737128e+02 7.001880236842105143e-01
2.176749473684210727e+02 7.039636051157894814e-01
2.374635789473684611e+02 7.326608217052632543e-01
2.572522105263158210e+02 8.756303662315794156e-01
2.770408421052631525e+02 1.342913722252631059e+00
2.968294736842105408e+02 2.345592126526316434e+00
3.166181052631579291e+02 3.758786680505264766e+00
3.364067368421052606e+02 5.067369090273684762e+00
3.561953684210526490e+02 5.863410469642105660e+00
3.759840000000000373e+02 6.181436070800000238e+00
3.957726315789473688e+02 6.264829194315789884e+00
4.155612631578947571e+02 6.279170588063157865e+00
4.353498947368421454e+02 6.280779083242104655e+00
4.551385263157894769e+02 6.280746633978947280e+00
4.749271578947368653e+02 6.278767421663157933e+00
4.947157894736842536e+02 6.261750927368421316e+00
5.145044210526316419e+02 6.166109875284210062e+00
5.342930526315790303e+02 5.813364267831575560e+00
5.540816842105263049e+02 4.958972170800001855e+00
5.738703157894736933e+02 3.599174428063154796e+00
5.936589473684210816e+02 2.176689418000000487e+00
6.134475789473684699e+02 1.198572281936840067e+00
6.332362105263158583e+02 7.565998095578940763e-01
6.530248421052632466e+02 6.254283958736840399e-01
6.728134736842106349e+02 5.998780274947367319e-01
6.926021052631579096e+02 5.966295025263157470e-01
7.123907368421052979e+02 5.966337017052631975e-01
7.321793684210526862e+02 5.999288180631578982e-01
7.519680000000000746e+02 6.257354112000002022e-01
7.717566315789474629e+02 7.572809548210538422e-01
7.915452631578948512e+02 1.196057473368424606e+00
8.113338947368421259e+02 2.154492597368424800e+00
8.311225263157895142e+02 3.526186298252632412e+00
8.509111578947369026e+02 4.812754755410530549e+00
8.706997894736842909e+02 5.603561529242107042e+00
8.904884210526316792e+02 5.921999639684210948e+00
9.102770526315790676e+02 6.005954395242105726e+00
9.300656842105263422e+02 6.020434564357894480e+00
9.498543157894737305e+02 6.022056810778947167e+00
9.696429473684211189e+02 6.021982964652631054e+00
9.894315789473685072e+02 6.019565674736841565e+00
1.009220210526315896e+03 5.999742192400000285e+00
1.029008842105263284e+03 5.893401510694735279e+00
1.048797473684210672e+03 5.519028690799994585e+00
1.068586105263158061e+03 4.653417887410512321e+00
1.088374736842105449e+03 3.338239668947359018e+00
1.108163368421052837e+03 2.024793275178935481e+00
1.127951999999999998e+03 1.162597626400001305e+00
1.147740631578947387e+03 7.906828828842104029e-01
1.167529263157894775e+03 6.853189406947366447e-01
1.187317894736842163e+03 6.657301588421051797e-01
1.207106526315789552e+03 6.633645014105263860e-01
1.226895157894736940e+03 6.635598933684210277e-01
1.246683789473684328e+03 6.678920484631579724e-01
1.266472421052631717e+03 6.998373313263162032e-01
1.286261052631579105e+03 8.537378061052655065e-01
1.306049684210526493e+03 1.339664843389481996e+00
1.325838315789473882e+03 2.345927964294749035e+00
1.345626947368421270e+03 3.713242393789492723e+00
1.365415578947368658e+03 4.932601974610534512e+00
1.385204210526315819e+03 5.646222732000000022e+00
1.404992842105263207e+03 5.920202802147368715e+00
1.424781473684210596e+03 5.989165461515788991e+00
1.444570105263157984e+03 6.000494566631578763e+00
1.464358736842105372e+03 6.001016847999999904e+00
1.484147368421052761e+03 5.993592540526315737e+00
1.503936000000000149e+03 5.941732757199999604e+00
1.523724631578947537e+03 5.709380162273681059e+00
1.543513263157894926e+03 5.033390590252621699e+00
1.563301894736842314e+03 3.755335175936822534e+00
1.583090526315789702e+03 2.184351275684186966e+00
1.602879157894737091e+03 9.286954403578857598e-01
1.622667789473684479e+03 2.762013667157842134e-01
1.642456421052631640e+03 5.586340338947357043e-02
1.662245052631579028e+03 8.108129999999999851e-03
1.682033684210526417e+03 8.108129999999999851e-03
1.701822315789473805e+03 8.108129999999999851e-03
